x0: 5.333333333333332
x1: 4.333333333333331
x2: 2.333333333333332
